ckpt_name,epoch,step,avg_loss,acc_mean,acc_median,acc_std,lr,huber_loss_delta
ckpt_e1_s1000.safetensors,1,1000,60.939153,6.294358,4.714671,4.514251,0.00003000,37.776606
ckpt_e1_s2000.safetensors,1,2000,46.170174,5.632166,4.067098,4.656949,0.00003000,37.776606
ckpt_e1_s3000.safetensors,1,3000,39.900877,4.968332,3.108999,4.780505,0.00003000,37.776606
ckpt_e1_s4000.safetensors,1,4000,36.296689,4.774820,2.875480,4.826227,0.00002999,37.776606
ckpt_e1_s5000.safetensors,1,5000,33.911927,4.949231,3.189878,4.783447,0.00002999,37.776606
ckpt_e1_s6000.safetensors,1,6000,32.264076,4.806382,3.009555,4.811120,0.00002998,37.776606
ckpt_e1_s7000.safetensors,1,7000,31.031843,4.724306,2.869933,4.834729,0.00002998,37.776606
ckpt_e1_s8000.safetensors,1,8000,30.090859,4.531831,2.571121,4.869954,0.00002997,37.776606
ckpt_e1_s9000.safetensors,1,9000,29.275238,4.496453,2.544167,4.864863,0.00002996,37.776606
ckpt_e1_s10000.safetensors,1,10000,28.547597,4.347122,2.285040,4.918211,0.00002995,37.776606
ckpt_e1_s11000.safetensors,1,11000,27.925360,4.187659,2.110588,4.952750,0.00002994,37.776606
ckpt_e1_s12000.safetensors,1,12000,27.388846,4.240149,2.148427,4.946713,0.00002993,37.776606
ckpt_e1_s13000.safetensors,1,13000,26.922402,4.215051,2.120691,4.944807,0.00002992,37.776606
ckpt_e1_s14000.safetensors,1,14000,26.492188,4.070460,1.952769,4.985029,0.00002991,37.776606
ckpt_e1_s15000.safetensors,1,15000,26.120528,4.129675,2.033229,4.951000,0.00002989,37.776606
ckpt_e1_s16000.safetensors,1,16000,25.777892,3.979110,1.858037,4.993510,0.00002988,37.776606
ckpt_e1_s17000.safetensors,1,17000,25.465349,4.055078,1.914824,4.994352,0.00002986,37.776606
ckpt_e1_s18000.safetensors,1,18000,25.188220,3.886586,1.759630,5.014918,0.00002984,37.776606
ckpt_e1_s19000.safetensors,1,19000,24.946639,4.068689,2.009375,4.942611,0.00002983,37.776606
ckpt_e1_s20000.safetensors,1,20000,24.703224,3.945815,1.831879,4.989400,0.00002981,37.776606
ckpt_e1_s21000.safetensors,1,21000,24.470983,3.821050,1.723054,5.022146,0.00002979,37.776606
ckpt_e1_s22000.safetensors,1,22000,24.270042,3.841066,1.731329,5.010589,0.00002977,37.776606
ckpt_e1_s23000.safetensors,1,23000,24.076884,3.833867,1.778974,4.994213,0.00002975,37.776606
ckpt_e1_s24000.safetensors,1,24000,23.888638,3.715451,1.631129,5.028675,0.00002972,37.776606
ckpt_e1_s25000.safetensors,1,25000,23.721476,3.706557,1.600575,5.040420,0.00002970,37.776606
ckpt_e1_s26000.safetensors,1,26000,23.556144,3.767092,1.678851,5.026005,0.00002967,37.776606
ckpt_e1_s27000.safetensors,1,27000,23.400131,3.698092,1.652349,5.020678,0.00002965,37.776606
ckpt_e1_s28000.safetensors,1,28000,23.263693,3.613365,1.531590,5.046376,0.00002962,37.776606
ckpt_e1_s29000.safetensors,1,29000,23.118007,3.707370,1.635381,5.012717,0.00002960,37.776606
ckpt_e1_s30000.safetensors,1,30000,22.987860,3.570971,1.490486,5.056164,0.00002957,37.776606
ckpt_e1_s31000.safetensors,1,31000,22.859634,3.588906,1.502153,5.054030,0.00002954,37.776606
ckpt_e1_s32000.safetensors,1,32000,22.741493,3.587980,1.526545,5.034059,0.00002951,37.776606
ckpt_e1_s33000.safetensors,1,33000,22.629129,3.529753,1.450380,5.057954,0.00002948,37.776606
ckpt_e1_s34000.safetensors,1,34000,22.516074,3.545006,1.455877,5.057232,0.00002944,37.776606
ckpt_e1_s35000.safetensors,1,35000,22.420875,3.553455,1.480134,5.045555,0.00002941,37.776606
ckpt_e1_s36000.safetensors,1,36000,22.317839,3.539119,1.459019,5.049427,0.00002938,37.776606
ckpt_e1_s37000.safetensors,1,37000,22.216332,3.508183,1.426908,5.054695,0.00002934,37.776606
ckpt_e2_s38000.safetensors,2,38000,12.010703,3.504136,1.393576,5.070755,0.00002931,37.776606
ckpt_e2_s39000.safetensors,2,39000,11.846492,3.542570,1.435899,5.053227,0.00002927,37.776606
ckpt_e2_s40000.safetensors,2,40000,11.838995,3.562370,1.452593,5.054087,0.00002923,37.776606
ckpt_e2_s41000.safetensors,2,41000,11.819375,3.422518,1.329545,5.079453,0.00002919,37.776606
ckpt_e2_s42000.safetensors,2,42000,11.775579,3.432990,1.336668,5.074617,0.00002915,37.776606
ckpt_e2_s43000.safetensors,2,43000,11.717868,3.448256,1.377120,5.053774,0.00002911,37.776606
ckpt_e2_s44000.safetensors,2,44000,11.698546,3.412075,1.301879,5.087716,0.00002907,37.776606
ckpt_e2_s45000.safetensors,2,45000,11.673597,3.444154,1.371865,5.067892,0.00002903,37.776606
ckpt_e2_s46000.safetensors,2,46000,11.638979,3.427356,1.299543,5.085021,0.00002899,37.776606
ckpt_e2_s47000.safetensors,2,47000,11.639895,3.495229,1.394557,5.052428,0.00002894,37.776606
ckpt_e2_s48000.safetensors,2,48000,11.589612,3.375659,1.265834,5.092377,0.00002890,37.776606
ckpt_e2_s49000.safetensors,2,49000,11.599931,3.414471,1.307833,5.080347,0.00002885,37.776606
ckpt_e2_s50000.safetensors,2,50000,11.568355,3.392904,1.276869,5.091256,0.00002881,37.776606
ckpt_e2_s51000.safetensors,2,51000,11.550276,3.339684,1.227371,5.094378,0.00002876,37.776606
ckpt_e2_s52000.safetensors,2,52000,11.530113,3.463426,1.364359,5.064056,0.00002871,37.776606
ckpt_e2_s53000.safetensors,2,53000,11.513475,3.360759,1.222389,5.092905,0.00002866,37.776606
ckpt_e2_s54000.safetensors,2,54000,11.494033,3.389251,1.270618,5.092269,0.00002861,37.776606
ckpt_e2_s55000.safetensors,2,55000,11.489624,3.371770,1.261624,5.090148,0.00002856,37.776606
ckpt_e2_s56000.safetensors,2,56000,11.460136,3.336744,1.236675,5.093732,0.00002851,37.776606
ckpt_e2_s57000.safetensors,2,57000,11.457720,3.436993,1.306108,5.075308,0.00002845,37.776606
ckpt_e2_s58000.safetensors,2,58000,11.438311,3.387975,1.261281,5.083586,0.00002840,37.776606
ckpt_e2_s59000.safetensors,2,59000,11.429650,3.338084,1.219162,5.095341,0.00002835,37.776606
ckpt_e2_s60000.safetensors,2,60000,11.415773,3.384408,1.264258,5.092243,0.00002829,37.776606
ckpt_e2_s61000.safetensors,2,61000,11.402543,3.342730,1.230674,5.100761,0.00002823,37.776606
ckpt_e2_s62000.safetensors,2,62000,11.395371,3.415588,1.291063,5.089407,0.00002818,37.776606
ckpt_e2_s63000.safetensors,2,63000,11.374967,3.343956,1.214049,5.102225,0.00002812,37.776606
ckpt_e2_s64000.safetensors,2,64000,11.360556,3.461345,1.379503,5.070314,0.00002806,37.776606
ckpt_e2_s65000.safetensors,2,65000,11.356989,3.384181,1.245464,5.099169,0.00002800,37.776606
ckpt_e2_s66000.safetensors,2,66000,11.344567,3.321018,1.181784,5.118471,0.00002794,37.776606
ckpt_e2_s67000.safetensors,2,67000,11.333490,3.302755,1.164718,5.119566,0.00002788,37.776606
ckpt_e2_s68000.safetensors,2,68000,11.324815,3.382812,1.265212,5.087136,0.00002782,37.776606
ckpt_e2_s69000.safetensors,2,69000,11.314279,3.360326,1.222714,5.101580,0.00002775,37.776606
ckpt_e2_s70000.safetensors,2,70000,11.307223,3.355329,1.228370,5.097704,0.00002769,37.776606
ckpt_e2_s71000.safetensors,2,71000,11.295453,3.415367,1.264323,5.103237,0.00002763,37.776606
ckpt_e2_s72000.safetensors,2,72000,11.288977,3.336784,1.195618,5.110607,0.00002756,37.776606
ckpt_e2_s73000.safetensors,2,73000,11.272557,3.408284,1.295395,5.087022,0.00002749,37.776606
ckpt_e2_s74000.safetensors,2,74000,11.265005,3.319810,1.168897,5.121274,0.00002743,37.776606
ckpt_e3_s75000.safetensors,3,75000,15.403742,3.314114,1.204865,5.097702,0.00002736,37.776606
ckpt_e3_s76000.safetensors,3,76000,15.324380,3.289563,1.209846,5.088814,0.00002729,37.776606
ckpt_e3_s77000.safetensors,3,77000,15.349999,3.340379,1.230783,5.080002,0.00002722,37.776606
ckpt_e3_s78000.safetensors,3,78000,15.351570,3.284031,1.177480,5.100227,0.00002715,37.776606
ckpt_e3_s79000.safetensors,3,79000,15.302328,3.241605,1.129480,5.113057,0.00002708,37.776606
ckpt_e3_s80000.safetensors,3,80000,15.331866,3.306020,1.200483,5.081446,0.00002701,37.776606
ckpt_e3_s81000.safetensors,3,81000,15.284800,3.300321,1.198074,5.090007,0.00002694,37.776606
ckpt_e3_s82000.safetensors,3,82000,15.271275,3.302053,1.192210,5.094791,0.00002686,37.776606
ckpt_e3_s83000.safetensors,3,83000,15.278865,3.280185,1.170111,5.104049,0.00002679,37.776606
ckpt_e3_s84000.safetensors,3,84000,15.223475,3.303589,1.200574,5.092668,0.00002672,37.776606
ckpt_e3_s85000.safetensors,3,85000,15.224881,3.253926,1.124710,5.119068,0.00002664,37.776606
ckpt_e3_s86000.safetensors,3,86000,15.236555,3.310728,1.209052,5.091446,0.00002656,37.776606
ckpt_e3_s87000.safetensors,3,87000,15.202854,3.288994,1.165936,5.099391,0.00002649,37.776606
ckpt_e3_s88000.safetensors,3,88000,15.214501,3.328756,1.204644,5.093105,0.00002641,37.776606
ckpt_e3_s89000.safetensors,3,89000,15.200328,3.267099,1.143648,5.103181,0.00002633,37.776606
ckpt_e3_s90000.safetensors,3,90000,15.183131,3.322566,1.201772,5.098160,0.00002625,37.776606
ckpt_e3_s91000.safetensors,3,91000,15.185661,3.289107,1.198362,5.099035,0.00002617,37.776606
ckpt_e3_s92000.safetensors,3,92000,15.162313,3.272471,1.164430,5.102256,0.00002609,37.776606
ckpt_e3_s93000.safetensors,3,93000,15.157959,3.357301,1.277690,5.078464,0.00002601,37.776606
ckpt_e3_s94000.safetensors,3,94000,15.150078,3.232679,1.118196,5.118155,0.00002593,37.776606
ckpt_e3_s95000.safetensors,3,95000,15.153399,3.330724,1.199394,5.095744,0.00002585,37.776606
ckpt_e3_s96000.safetensors,3,96000,15.138332,3.283861,1.158510,5.112150,0.00002576,37.776606
ckpt_e3_s97000.safetensors,3,97000,15.124271,3.314906,1.145683,5.114410,0.00002568,37.776606
ckpt_e3_s98000.safetensors,3,98000,15.123389,3.248097,1.105755,5.119225,0.00002560,37.776606
ckpt_e3_s99000.safetensors,3,99000,15.107329,3.231465,1.107759,5.120852,0.00002551,37.776606
ckpt_e3_s100000.safetensors,3,100000,15.105977,3.257863,1.118755,5.125752,0.00002543,37.776606
ckpt_e3_s101000.safetensors,3,101000,15.095157,3.250529,1.106036,5.122835,0.00002534,37.776606
ckpt_e3_s102000.safetensors,3,102000,15.093670,3.291203,1.175757,5.108472,0.00002525,37.776606
ckpt_e3_s103000.safetensors,3,103000,15.083883,3.267202,1.128233,5.119464,0.00002516,37.776606
ckpt_e3_s104000.safetensors,3,104000,15.077070,3.273715,1.143539,5.110866,0.00002508,37.776606
ckpt_e3_s105000.safetensors,3,105000,15.067019,3.236642,1.108695,5.118131,0.00002499,37.776606
ckpt_e3_s106000.safetensors,3,106000,15.054399,3.281378,1.151921,5.112394,0.00002490,37.776606
ckpt_e3_s107000.safetensors,3,107000,15.052632,3.209067,1.075864,5.133679,0.00002481,37.776606
ckpt_e3_s108000.safetensors,3,108000,15.047060,3.302573,1.142160,5.117276,0.00002472,37.776606
ckpt_e3_s109000.safetensors,3,109000,15.038332,3.247241,1.126039,5.124266,0.00002463,37.776606
ckpt_e3_s110000.safetensors,3,110000,15.034750,3.229960,1.098312,5.131922,0.00002453,37.776606
ckpt_e3_s111000.safetensors,3,111000,15.027303,3.300276,1.150436,5.116476,0.00002444,37.776606
ckpt_e4_s112000.safetensors,4,112000,12.861189,3.242103,1.086183,5.139565,0.00002435,37.776606
ckpt_e4_s113000.safetensors,4,113000,12.815242,3.307896,1.165095,5.108328,0.00002426,37.776606
ckpt_e4_s114000.safetensors,4,114000,12.860949,3.295478,1.157306,5.109659,0.00002416,37.776606
ckpt_e4_s115000.safetensors,4,115000,12.755152,3.281287,1.103293,5.132487,0.00002407,37.776606
ckpt_e4_s116000.safetensors,4,116000,12.748903,3.325017,1.182210,5.111178,0.00002397,37.776606
ckpt_e4_s117000.safetensors,4,117000,12.785034,3.392849,1.231920,5.095169,0.00002388,37.776606
ckpt_e4_s118000.safetensors,4,118000,12.743433,3.322416,1.171310,5.111358,0.00002378,37.776606
ckpt_e4_s119000.safetensors,4,119000,12.747307,3.254680,1.090501,5.136086,0.00002368,37.776606
ckpt_e4_s120000.safetensors,4,120000,12.729369,3.264422,1.087852,5.138873,0.00002358,37.776606
ckpt_e4_s121000.safetensors,4,121000,12.733678,3.301355,1.159471,5.121572,0.00002349,37.776606
ckpt_e4_s122000.safetensors,4,122000,12.713058,3.357384,1.206506,5.096404,0.00002339,37.776606
ckpt_e4_s123000.safetensors,4,123000,12.694622,3.250970,1.078852,5.141779,0.00002329,37.776606
ckpt_e4_s124000.safetensors,4,124000,12.699895,3.280602,1.146825,5.124978,0.00002319,37.776606
ckpt_e4_s125000.safetensors,4,125000,12.686663,3.254982,1.098108,5.139982,0.00002309,37.776606
ckpt_e4_s126000.safetensors,4,126000,12.680751,3.288657,1.111931,5.136467,0.00002299,37.776606
ckpt_e4_s127000.safetensors,4,127000,12.676383,3.263129,1.085671,5.138514,0.00002289,37.776606
ckpt_e4_s128000.safetensors,4,128000,12.676433,3.275568,1.120337,5.139987,0.00002279,37.776606
ckpt_e4_s129000.safetensors,4,129000,12.660333,3.324223,1.146000,5.133232,0.00002269,37.776606
ckpt_e4_s130000.safetensors,4,130000,12.643449,3.265941,1.072965,5.157351,0.00002258,37.776606
ckpt_e4_s131000.safetensors,4,131000,12.640963,3.278298,1.114346,5.141129,0.00002248,37.776606
ckpt_e4_s132000.safetensors,4,132000,12.642629,3.310424,1.146146,5.136408,0.00002238,37.776606
ckpt_e4_s133000.safetensors,4,133000,12.632648,3.290318,1.107526,5.151097,0.00002228,37.776606
ckpt_e4_s134000.safetensors,4,134000,12.625548,3.277148,1.077078,5.153736,0.00002217,37.776606
ckpt_e4_s135000.safetensors,4,135000,12.624394,3.315714,1.147406,5.131273,0.00002207,37.776606
ckpt_e4_s136000.safetensors,4,136000,12.612338,3.309446,1.121863,5.148983,0.00002196,37.776606
ckpt_e4_s137000.safetensors,4,137000,12.615752,3.292326,1.119726,5.140917,0.00002186,37.776606
ckpt_e4_s138000.safetensors,4,138000,12.603631,3.482342,1.328488,5.094230,0.00002175,37.776606
ckpt_e4_s139000.safetensors,4,139000,12.599484,3.288966,1.108650,5.147517,0.00002165,37.776606
ckpt_e4_s140000.safetensors,4,140000,12.594115,3.257744,1.066762,5.163090,0.00002154,37.776606
ckpt_e4_s141000.safetensors,4,141000,12.588800,3.282192,1.100745,5.161530,0.00002143,37.776606
ckpt_e4_s142000.safetensors,4,142000,12.586565,3.324956,1.143267,5.147938,0.00002133,37.776606
ckpt_e4_s143000.safetensors,4,143000,12.571801,3.291526,1.101378,5.154135,0.00002122,37.776606
ckpt_e4_s144000.safetensors,4,144000,12.572011,3.318305,1.123859,5.153051,0.00002111,37.776606
ckpt_e4_s145000.safetensors,4,145000,12.560690,3.388468,1.232994,5.122214,0.00002100,37.776606
ckpt_e4_s146000.safetensors,4,146000,12.562885,3.398877,1.210758,5.125462,0.00002090,37.776606
ckpt_e4_s147000.safetensors,4,147000,12.554586,3.273352,1.079682,5.169191,0.00002079,37.776606
ckpt_e4_s148000.safetensors,4,148000,12.549611,3.384009,1.211496,5.123378,0.00002068,37.776606
ckpt_e5_s149000.safetensors,5,149000,17.455608,3.426250,1.242083,5.129041,0.00002057,37.776606
ckpt_e5_s150000.safetensors,5,150000,17.481585,3.255303,1.058173,5.155716,0.00002046,37.776606
ckpt_e5_s151000.safetensors,5,151000,17.475878,3.273953,1.101346,5.149452,0.00002035,37.776606
ckpt_e5_s152000.safetensors,5,152000,17.417263,3.260986,1.089839,5.150649,0.00002024,37.776606
ckpt_e5_s153000.safetensors,5,153000,17.419082,3.288756,1.117338,5.162221,0.00002013,37.776606
ckpt_e5_s154000.safetensors,5,154000,17.450581,3.251708,1.072810,5.148497,0.00002002,37.776606
ckpt_e5_s155000.safetensors,5,155000,17.439319,3.241792,1.074622,5.157662,0.00001991,37.776606
ckpt_e5_s156000.safetensors,5,156000,17.413904,3.394604,1.197851,5.124677,0.00001980,37.776606
ckpt_e5_s157000.safetensors,5,157000,17.406778,3.330393,1.159356,5.139092,0.00001969,37.776606
ckpt_e5_s158000.safetensors,5,158000,17.413301,3.314828,1.156947,5.137908,0.00001957,37.776606
ckpt_e5_s159000.safetensors,5,159000,17.387499,3.288761,1.101896,5.154915,0.00001946,37.776606
ckpt_e5_s160000.safetensors,5,160000,17.402489,3.285910,1.091938,5.162379,0.00001935,37.776606
ckpt_e5_s161000.safetensors,5,161000,17.389310,3.311476,1.111610,5.161696,0.00001924,37.776606
ckpt_e5_s162000.safetensors,5,162000,17.371463,3.265133,1.092310,5.169693,0.00001913,37.776606
ckpt_e5_s163000.safetensors,5,163000,17.369454,3.324634,1.115849,5.159877,0.00001901,37.776606
ckpt_e5_s164000.safetensors,5,164000,17.359232,3.306050,1.100717,5.160205,0.00001890,37.776606
ckpt_e5_s165000.safetensors,5,165000,17.354153,3.286861,1.070613,5.179152,0.00001879,37.776606
ckpt_e5_s166000.safetensors,5,166000,17.358619,3.351140,1.178084,5.156450,0.00001867,37.776606
ckpt_e5_s167000.safetensors,5,167000,17.341774,3.316641,1.123227,5.159211,0.00001856,37.776606
ckpt_e5_s168000.safetensors,5,168000,17.338730,3.259109,1.053007,5.201646,0.00001845,37.776606
ckpt_e5_s169000.safetensors,5,169000,17.335244,3.322493,1.117142,5.170504,0.00001833,37.776606
ckpt_e5_s170000.safetensors,5,170000,17.332366,3.299656,1.095041,5.186330,0.00001822,37.776606
ckpt_e5_s171000.safetensors,5,171000,17.317324,3.369617,1.167081,5.154513,0.00001811,37.776606
ckpt_e5_s172000.safetensors,5,172000,17.315280,3.295694,1.105909,5.172807,0.00001799,37.776606
ckpt_e5_s173000.safetensors,5,173000,17.316235,3.291806,1.071602,5.185285,0.00001788,37.776606
ckpt_e5_s174000.safetensors,5,174000,17.309843,3.323125,1.120295,5.174501,0.00001777,37.776606
ckpt_e5_s175000.safetensors,5,175000,17.307752,3.294281,1.084571,5.182739,0.00001765,37.776606
ckpt_e5_s176000.safetensors,5,176000,17.296791,3.297385,1.109508,5.174225,0.00001754,37.776606
ckpt_e5_s177000.safetensors,5,177000,17.292535,3.362473,1.165529,5.156679,0.00001742,37.776606
ckpt_e5_s178000.safetensors,5,178000,17.285616,3.348954,1.112805,5.177073,0.00001731,37.776606
ckpt_e5_s179000.safetensors,5,179000,17.284581,3.276061,1.070067,5.196015,0.00001719,37.776606
ckpt_e5_s180000.safetensors,5,180000,17.281317,3.368777,1.142041,5.196418,0.00001708,37.776606
ckpt_e5_s181000.safetensors,5,181000,17.270581,3.311784,1.106059,5.181711,0.00001696,37.776606
ckpt_e5_s182000.safetensors,5,182000,17.272444,3.327819,1.129091,5.178030,0.00001685,37.776606
ckpt_e5_s183000.safetensors,5,183000,17.260036,3.301145,1.113711,5.180768,0.00001674,37.776606
ckpt_e5_s184000.safetensors,5,184000,17.259990,3.350022,1.107842,5.183200,0.00001662,37.776606
ckpt_e5_s185000.safetensors,5,185000,17.256168,3.375390,1.199112,5.164622,0.00001651,37.776606
ckpt_e6_s186000.safetensors,6,186000,15.472489,3.263004,1.070134,5.187843,0.00001639,37.776606
ckpt_e6_s187000.safetensors,6,187000,15.436198,3.281535,1.094249,5.168507,0.00001628,37.776606
ckpt_e6_s188000.safetensors,6,188000,15.475555,3.221718,1.022502,5.188794,0.00001616,37.776606
ckpt_e6_s189000.safetensors,6,189000,15.310474,3.264845,1.066859,5.171615,0.00001605,37.776606
ckpt_e6_s190000.safetensors,6,190000,15.317570,3.271473,1.054628,5.177345,0.00001593,37.776606
ckpt_e6_s191000.safetensors,6,191000,15.329857,3.256264,1.068068,5.178933,0.00001582,37.776606
ckpt_e6_s192000.safetensors,6,192000,15.305416,3.292424,1.096395,5.169576,0.00001570,37.776606
ckpt_e6_s193000.safetensors,6,193000,15.277141,3.281752,1.079531,5.175977,0.00001559,37.776606
ckpt_e6_s194000.safetensors,6,194000,15.272081,3.258518,1.052920,5.175611,0.00001547,37.776606
ckpt_e6_s195000.safetensors,6,195000,15.251054,3.285791,1.098943,5.165167,0.00001536,37.776606
ckpt_e6_s196000.safetensors,6,196000,15.262953,3.225156,1.021403,5.179546,0.00001525,37.776606
ckpt_e6_s197000.safetensors,6,197000,15.260896,3.309638,1.123934,5.152853,0.00001513,37.776606
ckpt_e6_s198000.safetensors,6,198000,15.249945,3.310891,1.106918,5.161018,0.00001502,37.776606
ckpt_e6_s199000.safetensors,6,199000,15.239539,3.265009,1.059654,5.185188,0.00001490,37.776606
ckpt_e6_s200000.safetensors,6,200000,15.228196,3.282173,1.084944,5.173673,0.00001479,37.776606
ckpt_e6_s201000.safetensors,6,201000,15.213348,3.233871,1.029750,5.190556,0.00001468,37.776606
ckpt_e6_s202000.safetensors,6,202000,15.216601,3.230347,1.025071,5.188397,0.00001456,37.776606
ckpt_e6_s203000.safetensors,6,203000,15.212428,3.252100,1.036974,5.194394,0.00001445,37.776606
ckpt_e6_s204000.safetensors,6,204000,15.203245,3.269472,1.078935,5.165495,0.00001434,37.776606
ckpt_e6_s205000.safetensors,6,205000,15.192149,3.246423,1.040979,5.181597,0.00001422,37.776606
ckpt_e6_s206000.safetensors,6,206000,15.190876,3.333862,1.156473,5.152905,0.00001411,37.776606
ckpt_e6_s207000.safetensors,6,207000,15.179589,3.310759,1.129212,5.172108,0.00001400,37.776606
ckpt_e6_s208000.safetensors,6,208000,15.177017,3.277268,1.080993,5.187869,0.00001389,37.776606
ckpt_e6_s209000.safetensors,6,209000,15.172327,3.232802,1.011968,5.194632,0.00001377,37.776606
ckpt_e6_s210000.safetensors,6,210000,15.161569,3.246415,1.033557,5.189329,0.00001366,37.776606
ckpt_e6_s211000.safetensors,6,211000,15.159896,3.259237,1.050087,5.182163,0.00001355,37.776606
ckpt_e6_s212000.safetensors,6,212000,15.146262,3.303906,1.089841,5.178953,0.00001344,37.776606
ckpt_e6_s213000.safetensors,6,213000,15.143505,3.260716,1.046414,5.175887,0.00001333,37.776606
ckpt_e6_s214000.safetensors,6,214000,15.140075,3.286346,1.078874,5.176949,0.00001321,37.776606
ckpt_e6_s215000.safetensors,6,215000,15.135120,3.240415,1.017808,5.198719,0.00001310,37.776606
ckpt_e6_s216000.safetensors,6,216000,15.131814,3.309349,1.096311,5.168166,0.00001299,37.776606
ckpt_e6_s217000.safetensors,6,217000,15.116242,3.295347,1.098770,5.180290,0.00001288,37.776606
ckpt_e6_s218000.safetensors,6,218000,15.116360,3.291713,1.057572,5.182834,0.00001277,37.776606
ckpt_e6_s219000.safetensors,6,219000,15.110537,3.281509,1.057498,5.181674,0.00001266,37.776606
ckpt_e6_s220000.safetensors,6,220000,15.115621,3.322256,1.119940,5.170644,0.00001255,37.776606
ckpt_e6_s221000.safetensors,6,221000,15.101401,3.286307,1.077899,5.188131,0.00001244,37.776606
ckpt_e6_s222000.safetensors,6,222000,15.100221,3.285116,1.070285,5.182059,0.00001233,37.776606
ckpt_e7_s223000.safetensors,7,223000,13.675029,3.356311,1.151267,5.166863,0.00001222,37.776606
ckpt_e7_s224000.safetensors,7,224000,13.718951,3.332756,1.122586,5.175808,0.00001212,37.776606
ckpt_e7_s225000.safetensors,7,225000,13.663922,3.257406,1.038113,5.185523,0.00001201,37.776606
ckpt_e7_s226000.safetensors,7,226000,13.600190,3.275925,1.042163,5.203303,0.00001190,37.776606
ckpt_e7_s227000.safetensors,7,227000,13.595132,3.312840,1.096726,5.186858,0.00001179,37.776606
ckpt_e7_s228000.safetensors,7,228000,13.648096,3.303743,1.067605,5.192406,0.00001168,37.776606
ckpt_e7_s229000.safetensors,7,229000,13.599754,3.278660,1.063793,5.190807,0.00001158,37.776606
ckpt_e7_s230000.safetensors,7,230000,13.601730,3.274511,1.058752,5.186615,0.00001147,37.776606
ckpt_e7_s231000.safetensors,7,231000,13.596688,3.334763,1.098356,5.183755,0.00001136,37.776606
ckpt_e7_s232000.safetensors,7,232000,13.586952,3.267702,1.029441,5.206151,0.00001126,37.776606
ckpt_e7_s233000.safetensors,7,233000,13.564007,3.310215,1.083730,5.182953,0.00001115,37.776606
ckpt_e7_s234000.safetensors,7,234000,13.583165,3.267479,1.029197,5.213873,0.00001105,37.776606
ckpt_e7_s235000.safetensors,7,235000,13.571232,3.282719,1.069400,5.193902,0.00001094,37.776606
ckpt_e7_s236000.safetensors,7,236000,13.561019,3.297570,1.071777,5.189083,0.00001084,37.776606
ckpt_e7_s237000.safetensors,7,237000,13.554223,3.348926,1.144878,5.176718,0.00001073,37.776606
ckpt_e7_s238000.safetensors,7,238000,13.560875,3.265783,1.035398,5.216923,0.00001063,37.776606
ckpt_e7_s239000.safetensors,7,239000,13.548467,3.263984,1.041554,5.200654,0.00001053,37.776606
ckpt_e7_s240000.safetensors,7,240000,13.552852,3.320269,1.108715,5.191748,0.00001043,37.776606
ckpt_e7_s241000.safetensors,7,241000,13.532764,3.274570,1.054094,5.201054,0.00001032,37.776606
ckpt_e7_s242000.safetensors,7,242000,13.528501,3.303177,1.070757,5.199456,0.00001022,37.776606
ckpt_e7_s243000.safetensors,7,243000,13.525574,3.321643,1.098997,5.195812,0.00001012,37.776606
ckpt_e7_s244000.safetensors,7,244000,13.520493,3.405197,1.210054,5.166815,0.00001002,37.776606
ckpt_e7_s245000.safetensors,7,245000,13.510847,3.305176,1.085319,5.196928,0.00000992,37.776606
ckpt_e7_s246000.safetensors,7,246000,13.512525,3.294208,1.063834,5.201422,0.00000982,37.776606
ckpt_e7_s247000.safetensors,7,247000,13.500663,3.295001,1.072513,5.209011,0.00000972,37.776606
ckpt_e7_s248000.safetensors,7,248000,13.504724,3.299129,1.056587,5.220553,0.00000962,37.776606
ckpt_e7_s249000.safetensors,7,249000,13.495415,3.315186,1.083219,5.209337,0.00000952,37.776606
ckpt_e7_s250000.safetensors,7,250000,13.486973,3.266531,1.016887,5.225259,0.00000943,37.776606
ckpt_e7_s251000.safetensors,7,251000,13.485865,3.305280,1.076148,5.212370,0.00000933,37.776606
ckpt_e7_s252000.safetensors,7,252000,13.486291,3.320468,1.094051,5.207338,0.00000923,37.776606
ckpt_e7_s253000.safetensors,7,253000,13.483642,3.339217,1.108002,5.199011,0.00000913,37.776606
ckpt_e7_s254000.safetensors,7,254000,13.478739,3.326811,1.090377,5.210948,0.00000904,37.776606
ckpt_e7_s255000.safetensors,7,255000,13.469031,3.361413,1.125133,5.203150,0.00000894,37.776606
ckpt_e7_s256000.safetensors,7,256000,13.469184,3.319174,1.087084,5.212146,0.00000885,37.776606
ckpt_e7_s257000.safetensors,7,257000,13.458440,3.289381,1.044910,5.220170,0.00000875,37.776606
ckpt_e7_s258000.safetensors,7,258000,13.461613,3.306073,1.064882,5.221388,0.00000866,37.776606
ckpt_e7_s259000.safetensors,7,259000,13.458689,3.282052,1.029845,5.233269,0.00000857,37.776606
ckpt_e8_s260000.safetensors,8,260000,11.869594,3.344857,1.119283,5.204351,0.00000848,37.776606
ckpt_e8_s261000.safetensors,8,261000,11.763078,3.278700,1.056709,5.210403,0.00000838,37.776606
ckpt_e8_s262000.safetensors,8,262000,11.724269,3.300322,1.069321,5.213997,0.00000829,37.776606
ckpt_e8_s263000.safetensors,8,263000,11.758370,3.337009,1.100017,5.205389,0.00000820,37.776606
ckpt_e8_s264000.safetensors,8,264000,11.745454,3.304282,1.070068,5.215176,0.00000811,37.776606
ckpt_e8_s265000.safetensors,8,265000,11.710375,3.260351,1.015285,5.223424,0.00000802,37.776606
ckpt_e8_s266000.safetensors,8,266000,11.729453,3.281553,1.031168,5.222760,0.00000793,37.776606
ckpt_e8_s267000.safetensors,8,267000,11.710417,3.276711,1.028930,5.227459,0.00000784,37.776606
ckpt_e8_s268000.safetensors,8,268000,11.730077,3.276613,1.046904,5.213786,0.00000776,37.776606
ckpt_e8_s269000.safetensors,8,269000,11.702137,3.262042,1.013233,5.234998,0.00000767,37.776606
ckpt_e8_s270000.safetensors,8,270000,11.678996,3.310287,1.064445,5.211212,0.00000758,37.776606
ckpt_e8_s271000.safetensors,8,271000,11.684481,3.274186,1.031480,5.226178,0.00000750,37.776606
ckpt_e8_s272000.safetensors,8,272000,11.662866,3.313210,1.073190,5.205923,0.00000741,37.776606
ckpt_e8_s273000.safetensors,8,273000,11.680542,3.300726,1.064100,5.212048,0.00000733,37.776606
ckpt_e8_s274000.safetensors,8,274000,11.668982,3.270512,1.019140,5.218472,0.00000724,37.776606
ckpt_e8_s275000.safetensors,8,275000,11.673190,3.304437,1.078991,5.209432,0.00000716,37.776606
ckpt_e8_s276000.safetensors,8,276000,11.663361,3.312852,1.080364,5.213201,0.00000708,37.776606
ckpt_e8_s277000.safetensors,8,277000,11.671271,3.323029,1.084215,5.218962,0.00000700,37.776606
ckpt_e8_s278000.safetensors,8,278000,11.646121,3.329433,1.103704,5.211040,0.00000692,37.776606
ckpt_e8_s279000.safetensors,8,279000,11.655508,3.285385,1.034009,5.225293,0.00000684,37.776606
ckpt_e8_s280000.safetensors,8,280000,11.642628,3.300693,1.046593,5.227082,0.00000676,37.776606
ckpt_e8_s281000.safetensors,8,281000,11.640721,3.345901,1.108437,5.218249,0.00000668,37.776606
ckpt_e8_s282000.safetensors,8,282000,11.640761,3.267159,1.024813,5.232626,0.00000660,37.776606
ckpt_e8_s283000.safetensors,8,283000,11.628983,3.279247,1.035089,5.229227,0.00000652,37.776606
ckpt_e8_s284000.safetensors,8,284000,11.633371,3.273468,1.023705,5.235343,0.00000644,37.776606
ckpt_e8_s285000.safetensors,8,285000,11.630876,3.288397,1.023917,5.232494,0.00000637,37.776606
ckpt_e8_s286000.safetensors,8,286000,11.627499,3.253548,1.007363,5.240163,0.00000629,37.776606
ckpt_e8_s287000.safetensors,8,287000,11.621547,3.283242,1.046975,5.229537,0.00000622,37.776606
ckpt_e8_s288000.safetensors,8,288000,11.616979,3.298250,1.044761,5.233317,0.00000614,37.776606
ckpt_e8_s289000.safetensors,8,289000,11.615178,3.346311,1.133430,5.205408,0.00000607,37.776606
ckpt_e8_s290000.safetensors,8,290000,11.616065,3.278229,1.042376,5.233481,0.00000600,37.776606
ckpt_e8_s291000.safetensors,8,291000,11.604506,3.272176,1.029788,5.236755,0.00000593,37.776606
ckpt_e8_s292000.safetensors,8,292000,11.600633,3.299749,1.049925,5.229494,0.00000586,37.776606
ckpt_e8_s293000.safetensors,8,293000,11.600062,3.270012,1.008046,5.241467,0.00000579,37.776606
ckpt_e8_s294000.safetensors,8,294000,11.599088,3.276091,1.009657,5.241405,0.00000572,37.776606
ckpt_e8_s295000.safetensors,8,295000,11.593127,3.288424,1.033889,5.240730,0.00000565,37.776606
ckpt_e8_s296000.safetensors,8,296000,11.594240,3.349261,1.103191,5.212802,0.00000558,37.776606
ckpt_e9_s297000.safetensors,9,297000,11.614716,3.357397,1.106514,5.214599,0.00000551,37.776606
ckpt_e9_s298000.safetensors,9,298000,11.664397,3.310770,1.060125,5.231813,0.00000545,37.776606
ckpt_e9_s299000.safetensors,9,299000,11.694375,3.319731,1.056857,5.226730,0.00000538,37.776606
ckpt_e9_s300000.safetensors,9,300000,11.638578,3.344044,1.087884,5.227240,0.00000532,37.776606
ckpt_e9_s301000.safetensors,9,301000,11.618625,3.416451,1.188867,5.195114,0.00000525,37.776606
ckpt_e9_s302000.safetensors,9,302000,11.600693,3.346730,1.084363,5.223248,0.00000519,37.776606
ckpt_e9_s303000.safetensors,9,303000,11.606134,3.395005,1.141160,5.216429,0.00000513,37.776606
ckpt_e9_s304000.safetensors,9,304000,11.587955,3.355988,1.088284,5.228162,0.00000507,37.776606
ckpt_e9_s305000.safetensors,9,305000,11.607601,3.370372,1.102704,5.229100,0.00000501,37.776606
ckpt_e9_s306000.safetensors,9,306000,11.577465,3.379379,1.123199,5.219953,0.00000495,37.776606
ckpt_e9_s307000.safetensors,9,307000,11.574837,3.327494,1.057725,5.238376,0.00000489,37.776606
ckpt_e9_s308000.safetensors,9,308000,11.583600,3.359275,1.091594,5.233883,0.00000483,37.776606
ckpt_e9_s309000.safetensors,9,309000,11.549158,3.379925,1.124802,5.227672,0.00000477,37.776606
ckpt_e9_s310000.safetensors,9,310000,11.555288,3.389662,1.104913,5.240072,0.00000472,37.776606
ckpt_e9_s311000.safetensors,9,311000,11.558490,3.351451,1.065686,5.250087,0.00000466,37.776606
ckpt_e9_s312000.safetensors,9,312000,11.554655,3.340940,1.059348,5.255294,0.00000461,37.776606
ckpt_e9_s313000.safetensors,9,313000,11.547030,3.348665,1.059552,5.263388,0.00000455,37.776606
ckpt_e9_s314000.safetensors,9,314000,11.548618,3.338866,1.043553,5.258660,0.00000450,37.776606
ckpt_e9_s315000.safetensors,9,315000,11.543901,3.352757,1.046124,5.256341,0.00000445,37.776606
ckpt_e9_s316000.safetensors,9,316000,11.536853,3.368994,1.083912,5.246686,0.00000440,37.776606
ckpt_e9_s317000.safetensors,9,317000,11.539746,3.332329,1.038443,5.258424,0.00000434,37.776606
ckpt_e9_s318000.safetensors,9,318000,11.533570,3.332467,1.039109,5.261856,0.00000430,37.776606
ckpt_e9_s319000.safetensors,9,319000,11.517545,3.351671,1.044085,5.265177,0.00000425,37.776606
ckpt_e9_s320000.safetensors,9,320000,11.522042,3.331622,1.024290,5.278965,0.00000420,37.776606
ckpt_e9_s321000.safetensors,9,321000,11.518424,3.345662,1.055395,5.273115,0.00000415,37.776606
ckpt_e9_s322000.safetensors,9,322000,11.514210,3.364780,1.070711,5.271710,0.00000411,37.776606
ckpt_e9_s323000.safetensors,9,323000,11.508168,3.355373,1.050376,5.276451,0.00000406,37.776606
ckpt_e9_s324000.safetensors,9,324000,11.509092,3.408620,1.130582,5.267467,0.00000402,37.776606
ckpt_e9_s325000.safetensors,9,325000,11.503909,3.344418,1.044163,5.282700,0.00000397,37.776606
ckpt_e9_s326000.safetensors,9,326000,11.501496,3.362817,1.044834,5.287069,0.00000393,37.776606
ckpt_e9_s327000.safetensors,9,327000,11.493641,3.345746,1.043622,5.284189,0.00000389,37.776606
ckpt_e9_s328000.safetensors,9,328000,11.492658,3.393889,1.087698,5.290957,0.00000385,37.776606
ckpt_e9_s329000.safetensors,9,329000,11.486668,3.394448,1.073310,5.297967,0.00000381,37.776606
ckpt_e9_s330000.safetensors,9,330000,11.485587,3.407099,1.077082,5.300088,0.00000377,37.776606
ckpt_e9_s331000.safetensors,9,331000,11.486893,3.399834,1.070949,5.296918,0.00000373,37.776606
ckpt_e9_s332000.safetensors,9,332000,11.477479,3.382435,1.060958,5.299514,0.00000370,37.776606
ckpt_e9_s333000.safetensors,9,333000,11.475005,3.405568,1.072352,5.334534,0.00000366,37.776606
ckpt_e10_s334000.safetensors,10,334000,11.339477,3.383467,1.070354,5.282942,0.00000363,37.776606
ckpt_e10_s335000.safetensors,10,335000,11.375959,3.378774,1.062537,5.275660,0.00000359,37.776606
ckpt_e10_s336000.safetensors,10,336000,11.331441,3.404198,1.108224,5.268217,0.00000356,37.776606
ckpt_e10_s337000.safetensors,10,337000,11.314973,3.387738,1.077888,5.272861,0.00000353,37.776606
ckpt_e10_s338000.safetensors,10,338000,11.326549,3.358924,1.058429,5.273108,0.00000350,37.776606
ckpt_e10_s339000.safetensors,10,339000,11.309072,3.382902,1.096310,5.258852,0.00000347,37.776606
ckpt_e10_s340000.safetensors,10,340000,11.295150,3.406153,1.105435,5.268221,0.00000344,37.776606
ckpt_e10_s341000.safetensors,10,341000,11.293291,3.380111,1.079376,5.274846,0.00000341,37.776606
ckpt_e10_s342000.safetensors,10,342000,11.280923,3.416890,1.152751,5.253073,0.00000338,37.776606
ckpt_e10_s343000.safetensors,10,343000,11.275226,3.374591,1.081537,5.264086,0.00000335,37.776606
ckpt_e10_s344000.safetensors,10,344000,11.274354,3.362266,1.047570,5.278199,0.00000333,37.776606
ckpt_e10_s345000.safetensors,10,345000,11.271035,3.341330,1.044413,5.267219,0.00000330,37.776606
ckpt_e10_s346000.safetensors,10,346000,11.261382,3.359859,1.065983,5.267641,0.00000328,37.776606
ckpt_e10_s347000.safetensors,10,347000,11.258743,3.354668,1.061675,5.269837,0.00000326,37.776606
ckpt_e10_s348000.safetensors,10,348000,11.262782,3.342177,1.031322,5.273201,0.00000323,37.776606
ckpt_e10_s349000.safetensors,10,349000,11.262903,3.386748,1.096171,5.260616,0.00000321,37.776606
ckpt_e10_s350000.safetensors,10,350000,11.249978,3.382125,1.087744,5.263654,0.00000319,37.776606
ckpt_e10_s351000.safetensors,10,351000,11.246967,3.383375,1.094508,5.260837,0.00000318,37.776606
ckpt_e10_s352000.safetensors,10,352000,11.255139,3.363128,1.058050,5.277438,0.00000316,37.776606
ckpt_e10_s353000.safetensors,10,353000,11.243982,3.361825,1.058884,5.261415,0.00000314,37.776606
ckpt_e10_s354000.safetensors,10,354000,11.245939,3.365415,1.070431,5.262015,0.00000312,37.776606
ckpt_e10_s355000.safetensors,10,355000,11.241430,3.369678,1.084656,5.256534,0.00000311,37.776606
ckpt_e10_s356000.safetensors,10,356000,11.240170,3.367987,1.066528,5.263865,0.00000310,37.776606
ckpt_e10_s357000.safetensors,10,357000,11.233228,3.365076,1.081829,5.257110,0.00000308,37.776606
ckpt_e10_s358000.safetensors,10,358000,11.238166,3.413980,1.136301,5.246027,0.00000307,37.776606
ckpt_e10_s359000.safetensors,10,359000,11.235016,3.345148,1.028981,5.270488,0.00000306,37.776606
ckpt_e10_s360000.safetensors,10,360000,11.232910,3.373196,1.069772,5.261613,0.00000305,37.776606
ckpt_e10_s361000.safetensors,10,361000,11.231695,3.352515,1.064294,5.260190,0.00000304,37.776606
ckpt_e10_s362000.safetensors,10,362000,11.227086,3.334844,1.032758,5.272381,0.00000303,37.776606
ckpt_e10_s363000.safetensors,10,363000,11.223512,3.398835,1.114515,5.254037,0.00000302,37.776606
ckpt_e10_s364000.safetensors,10,364000,11.226222,3.358953,1.059841,5.262715,0.00000302,37.776606
ckpt_e10_s365000.safetensors,10,365000,11.213165,3.403979,1.122303,5.251638,0.00000301,37.776606
ckpt_e10_s366000.safetensors,10,366000,11.218648,3.403792,1.125648,5.252974,0.00000301,37.776606
ckpt_e10_s367000.safetensors,10,367000,11.215682,3.367434,1.087657,5.255967,0.00000300,37.776606
ckpt_e10_s368000.safetensors,10,368000,11.214957,3.348967,1.041220,5.266767,0.00000300,37.776606
ckpt_e10_s369000.safetensors,10,369000,11.215244,3.410196,1.127387,5.249757,0.00000300,37.776606
ckpt_e10_s370000.safetensors,10,370000,11.210621,3.367812,1.086097,5.261336,0.00000300,37.776606
